330a8
10 10
0 0 0 0 0 0 0 0 0 0
0 0 0 0 0 0 0 0 0 0
0 0 0 0 0 0 0 0 0 0
0 0 0 0 0 0 0 0 0 0
0 0 0 0 0 0 0 0 0 0
0 0 0 0 1 0 0 0 0 0
0 0 0 0 1 0 0 0 0 0
0 0 0 0 1 0 0 0 0 0
0 0 0 0 1 0 0 0 0 0
0 0 0 0 0 0 0 0 0 0
N objetos: 3
1 1
2 1
3 1
8 1
4 6 5
8 2
9 6 5 99
4 0 0
8 1
4 5 8
8 2
9 5 8 99
4 0 1
8 1
4 2 6
8 2
9 2 6 99
4 0 2
8 1
5 1 5 2
8 10
9 4 1 99
9 5 1 99
9 6 1 99
9 4 2 99
9 5 2 99
9 6 2 99
9 4 3 99
9 5 3 -1
9 6 3 99
4 0 3
8 1
4 5 4
8 2
9 5 4 -1
4 0 4
8 1
4 5 5
8 2
9 5 5 -1
4 0 5
8 1
4 5 6
8 3
9 5 6 -1
4 0 6
777 2
