5b939
10 10
0 0 1 1 0 0 0 0 0 0
0 0 0 0 0 0 0 0 0 0
0 0 0 0 0 0 0 0 0 0
0 0 0 0 0 0 0 0 0 0
0 0 0 0 0 0 0 0 0 0
0 0 0 0 0 0 0 0 0 0
0 0 0 0 0 0 0 0 0 0
0 0 0 0 0 0 0 0 0 0
0 0 0 0 0 0 0 0 0 0
0 0 0 0 0 0 0 0 0 0
N objetos: 3
1 1
2 1
3 1
8 1
5 1 4 4
8 10
9 3 3 99
9 4 3 99
9 5 3 99
9 3 4 99
9 4 4 99
9 5 4 99
9 3 5 99
9 4 5 99
9 5 5 99
4 0 0
8 1
5 3 8 9 7
8 11
9 8 9 99
9 8 8 99
9 8 7 99
9 8 6 99
9 8 5 99
9 8 4 99
9 8 3 99
9 8 2 99
9 8 1 99
9 8 0 99
4 0 1
8 1
4 2 7
8 2
9 2 7 99
4 0 2
8 1
4 1 3
8 3
9 1 3 99
4 0 3
777 1
