60698
10 10
1 1 1 1 1 0 0 0 0 0
0 0 0 0 0 0 0 0 0 0
0 0 0 0 0 0 0 0 0 0
0 0 0 0 0 0 0 0 0 0
0 0 0 0 0 0 0 0 0 0
0 0 0 0 0 0 0 0 0 0
0 0 0 0 0 0 0 0 0 0
0 0 0 0 0 0 0 0 0 0
0 0 0 0 0 0 0 0 0 0
0 0 0 0 0 0 0 0 0 0
N objetos: 3
1 1
2 1
3 1
8 1
5 1 3 4
8 10
9 2 3 99
9 3 3 99
9 4 3 99
9 2 4 99
9 3 4 99
9 4 4 99
9 2 5 99
9 3 5 99
9 4 5 99
4 0 0
8 1
5 3 7 9 7
8 11
9 7 9 99
9 7 8 99
9 7 7 99
9 7 6 99
9 7 5 99
9 7 4 99
9 7 3 99
9 7 2 99
9 7 1 99
9 7 0 99
4 0 1
8 1
4 1 7
8 2
9 1 7 99
4 0 2
8 1
5 3 5 0 7
8 11
9 5 0 99
9 5 1 99
9 5 2 99
9 5 3 99
9 5 4 99
9 5 5 99
9 5 6 99
9 5 7 99
9 5 8 99
9 5 9 99
4 0 3
8 1
5 3 9 0 7
8 12
9 9 0 99
9 9 1 99
9 9 2 99
9 9 3 99
9 9 4 99
9 9 5 99
9 9 6 99
9 9 7 99
9 9 8 99
9 9 9 99
4 0 4
777 1
