7731e
10 10
0 0 0 0 0 0 0 0 0 0
0 0 0 0 0 0 0 0 0 0
0 0 0 0 0 0 0 0 0 0
0 0 0 0 0 0 0 0 0 0
0 0 0 0 0 0 0 0 0 0
0 0 0 0 1 1 0 0 0 0
0 0 0 0 0 0 0 0 0 0
0 0 0 0 0 0 0 0 0 0
0 0 0 0 0 0 0 0 0 0
0 0 0 0 0 0 0 0 0 0
N objetos: 3
1 1
2 1
3 1
8 1
4 2 3
8 2
9 2 3 99
4 0 0
8 1
4 5 6
8 2
9 5 6 99
4 0 1
8 1
4 5 4
8 2
9 5 4 99
4 0 2
8 1
4 7 3
8 2
9 7 3 99
4 0 3
8 1
5 1 2 7
8 10
9 1 6 99
9 2 6 99
9 3 6 99
9 1 7 99
9 2 7 99
9 3 7 99
9 1 8 99
9 2 8 99
9 3 8 99
4 0 4
8 1
4 8 6
8 2
9 8 6 99
4 0 5
8 1
4 8 8
8 2
9 8 8 99
4 0 6
8 1
5 3 6 9 7
8 11
9 6 9 99
9 6 8 99
9 6 7 99
9 6 6 99
9 6 5 99
9 6 4 99
9 6 3 99
9 6 2 99
9 6 1 99
9 6 0 99
4 0 7
8 1
4 9 3
8 2
9 9 3 99
4 0 8
8 1
4 2 9
8 2
9 2 9 99
4 0 9
8 1
4 4 9
8 2
9 4 9 99
4 1 0
8 1
4 3 4
8 2
9 3 4 99
4 1 1
8 1
4 1 4
8 2
9 1 4 99
4 1 2
8 1
4 4 1
8 2
9 4 1 99
4 1 3
8 1
4 8 1
8 2
9 8 1 99
4 1 4
8 1
4 1 1
8 2
9 1 1 -1
4 1 5
8 1
4 1 0
8 2
9 1 0 99
4 1 6
8 1
4 1 2
8 2
9 1 2 99
4 1 7
8 1
4 2 1
PUNTAJE 10
8 3
9 2 1 -1
4 1 8
777 2
