a463f
10 10
0 0 0 0 0 0 0 0 2 0
0 1 1 0 0 0 0 0 2 0
0 0 0 0 0 0 0 0 2 0
0 0 0 0 0 0 0 0 0 0
0 0 0 0 0 0 0 0 0 0
0 0 0 5 5 5 5 5 0 0
0 0 0 0 4 4 4 4 0 0
0 0 0 0 0 0 0 0 0 0
0 0 0 0 0 0 0 0 0 0
0 0 3 3 3 0 0 0 0 0
N objetos: 3
1 3
2 2
3 1
8 1
5 1 4 4
8 10
9 3 3 99
9 4 3 -4
9 5 3 99
9 3 4 99
9 4 4 -4
9 5 4 99
9 3 5 99
9 4 5 -4
9 5 5 99
4 0 0
8 1
4 4 2
8 2
9 4 2 -4
4 0 1
8 1
4 4 6
8 2
9 4 6 -3
4 0 2
8 1
5 1 1 1
8 10
9 0 0 99
9 1 0 99
9 2 0 99
9 0 1 99
9 1 1 99
9 2 1 99
9 0 2 99
9 1 2 99
9 2 2 99
4 0 3
8 1
4 4 1
8 2
9 4 1 99
4 0 4
8 1
5 1 8 8
8 10
9 7 7 99
9 8 7 -1
9 9 7 99
9 7 8 99
9 8 8 -1
9 9 8 99
9 7 9 99
9 8 9 -1
9 9 9 99
4 0 5
8 1
4 8 6
8 2
9 8 6 99
4 0 6
8 1
5 3 6 9 7
8 5
9 6 9 99
9 6 8 99
9 6 7 99
9 6 6 -3
4 0 7
8 1
4 6 5
8 2
9 6 5 99
4 0 8
8 1
4 7 6
8 2
9 7 6 -3
4 0 9
8 1
4 5 6
8 2
9 5 6 -3
4 1 0
8 1
4 7 0
8 2
9 7 0 99
4 1 1
8 1
4 9 0
8 2
9 9 0 99
4 1 2
8 1
4 9 1
8 2
9 9 1 99
4 1 3
8 1
4 8 3
8 2
9 8 3 99
4 1 4
8 1
4 4 8
8 2
9 4 8 99
4 1 5
8 1
4 3 8
8 2
9 3 8 99
4 1 6
8 1
4 2 8
8 2
9 2 8 99
4 1 7
8 1
4 1 8
8 2
9 1 8 99
4 1 8
8 1
4 1 7
8 2
9 1 7 99
4 1 9
8 1
4 0 6
8 2
9 0 6 99
4 2 0
8 1
4 1 6
8 2
9 1 6 99
4 2 1
8 1
4 2 6
8 2
9 2 6 99
4 2 2
8 1
4 1 5
8 2
9 1 5 99
4 2 3
8 1
4 1 4
8 2
9 1 4 99
4 2 4
8 1
4 1 3
8 2
9 1 3 99
4 2 5
8 1
4 1 9
8 2
9 1 9 99
4 2 6
8 1
4 3 9
8 2
9 3 9 99
4 2 7
8 1
4 5 8
8 2
9 5 8 99
4 2 8
8 1
4 5 9
8 2
9 5 9 99
4 2 9
8 1
4 3 7
8 2
9 3 7 -2
4 3 0
8 1
4 3 6
8 2
9 3 6 -3
4 3 1
8 1
4 0 8
8 2
9 0 8 99
4 3 2
8 1
4 0 4
8 2
9 0 4 99
4 3 3
8 1
4 2 4
8 2
9 2 4 99
4 3 4
8 1
4 6 2
8 2
9 6 2 99
4 3 5
8 1
4 7 3
8 2
9 7 3 99
4 3 6
8 1
4 8 5
8 2
9 8 5 99
4 3 7
8 1
4 9 4
8 2
9 9 4 99
4 3 8
8 1
4 7 4
8 2
9 7 4 99
4 3 9
8 1
4 7 1
8 2
9 7 1 99
4 4 0
8 1
4 5 0
8 2
9 5 0 99
4 4 1
8 1
4 3 1
8 2
9 3 1 99
4 4 2
8 1
4 8 2
8 2
9 8 2 -5
4 4 3
8 1
4 8 1
8 2
9 8 1 99
4 4 4
8 1
4 7 2
8 2
9 7 2 -5
4 4 5
8 1
4 9 2
8 2
9 9 2 -5
4 4 6
8 1
4 5 7
8 2
9 5 7 99
4 4 7
8 1
4 4 0
8 2
9 4 0 99
4 4 8
8 1
4 6 1
8 2
9 6 1 99
4 4 9
8 1
4 6 3
8 2
9 6 3 99
4 5 0
8 1
4 9 5
8 2
9 9 5 99
4 5 1
8 1
4 4 7
8 3
9 4 7 -2
4 5 2
777 2
