a56e6
10 10
0 0 0 0 0 0 0 0 0 0
0 0 0 0 0 0 0 0 0 0
0 0 0 0 0 0 0 0 0 0
0 0 0 0 0 0 0 0 0 0
0 0 0 0 0 0 0 0 0 0
0 0 0 0 0 0 0 0 0 0
0 0 0 0 0 0 0 0 0 0
0 0 0 0 0 0 0 0 0 0
0 0 0 0 0 0 0 0 0 0
0 1 1 1 1 1 0 0 0 0
N objetos: 3
1 1
2 1
3 1
8 1
5 1 1 1
8 10
9 0 0 99
9 1 0 99
9 2 0 99
9 0 1 99
9 1 1 99
9 2 1 99
9 0 2 99
9 1 2 99
9 2 2 99
4 0 0
8 1
4 3 4
8 2
9 3 4 99
4 0 1
8 1
4 4 6
8 2
9 4 6 99
4 0 2
8 1
4 6 7
8 2
9 6 7 99
4 0 3
8 1
4 7 8
8 2
9 7 8 99
4 0 4
8 1
4 8 9
8 2
9 8 9 99
4 0 5
8 1
4 9 9
8 2
9 9 9 99
4 0 6
8 1
5 3 5 9 7
8 8
9 5 9 99
9 5 8 99
9 5 7 99
9 5 6 99
9 5 5 99
9 5 4 99
9 5 3 -1
4 0 7
8 1
4 5 2
8 2
9 5 2 99
4 0 8
8 1
4 4 3
8 2
9 4 3 -1
4 0 9
8 1
4 6 3
8 2
9 6 3 -1
4 1 0
8 1
4 7 3
8 2
9 7 3 -1
4 1 1
8 1
4 8 3
8 3
9 8 3 -1
4 1 2
777 2 25
