ada54
10 10
0 0 0 0 0 0 0 0 0 0
0 0 0 0 0 0 0 0 0 0
0 0 0 0 0 0 0 0 0 0
0 0 0 0 0 0 0 0 0 0
0 0 0 0 0 0 0 0 0 0
0 0 0 0 0 0 0 0 0 0
0 0 0 0 0 1 1 1 1 1
0 0 0 0 0 0 0 0 0 0
0 0 0 0 0 0 0 0 0 0
0 0 0 0 0 0 0 0 0 0
N objetos: 3
1 1
2 1
3 1
8 1
5 1 4 5
8 10
9 3 4 99
9 4 4 99
9 5 4 99
9 3 5 99
9 4 5 99
9 5 5 99
9 3 6 99
9 4 6 99
9 5 6 99
4 0 0
8 1
4 6 3
8 2
9 6 3 99
4 0 1
8 1
4 6 8
8 2
9 6 8 99
4 0 2
8 1
4 2 8
8 2
9 2 8 99
4 0 3
8 1
4 8 1
8 2
9 8 1 99
4 0 4
8 1
4 2 2
8 2
9 2 2 99
4 0 5
8 1
4 2 0
8 2
9 2 0 99
4 0 6
8 1
4 8 8
8 2
9 8 8 99
4 0 7
8 1
4 5 9
8 2
9 5 9 99
4 0 8
8 1
4 8 4
8 2
9 8 4 -1
4 0 9
8 1
4 8 3
8 2
9 8 3 -1
4 1 0
8 1
4 8 2
8 2
9 8 2 -1
4 1 1
8 1
4 8 5
8 2
9 8 5 -1
4 1 2
8 1
4 8 6
8 3
9 8 6 -1
4 1 3
777 2
