b6e5d
10 10
0 0 0 0 0 0 0 0 0 0
0 0 1 1 0 0 0 0 0 0
0 0 0 0 0 0 0 0 0 0
0 0 0 0 0 0 0 0 0 0
0 0 0 0 0 0 0 0 0 0
0 0 0 0 0 0 0 0 0 0
0 0 0 0 0 0 0 0 0 0
0 0 0 0 0 0 0 0 0 0
0 0 0 0 0 0 0 0 0 0
0 0 0 0 0 0 0 0 0 0
N objetos: 3
1 1
2 1
3 1
8 1
4 2 1
8 2
9 2 1 99
4 0 0
8 1
4 1 2
8 2
9 1 2 99
4 0 1
8 1
4 5 5
8 2
9 5 5 99
4 0 2
8 1
4 3 4
8 2
9 3 4 99
4 0 3
8 1
4 6 2
8 2
9 6 2 99
4 0 4
8 1
4 7 7
8 2
9 7 7 99
4 0 5
8 1
4 5 8
8 2
9 5 8 99
4 0 6
8 1
4 2 6
8 2
9 2 6 99
4 0 7
8 1
4 2 8
8 2
9 2 8 99
4 0 8
8 1
4 2 9
8 2
9 2 9 99
4 0 9
8 1
4 0 8
8 2
9 0 8 99
4 1 0
8 1
4 8 8
8 2
9 8 8 99
4 1 1
8 1
4 8 9
8 2
9 8 9 99
4 1 2
8 1
4 8 5
8 3
9 8 5 99
4 1 3
777 1
